								
                                                            	  		 Illinois Climate Network (ICN)
                                                                    	 		  April 2018
                                                              	   		 Monthly Summary For Champaign

																			MAX	MIN	AVG	MAX	MIN	AVG
													MAX	MIN	AVG	MAX	MIN	AVG	4"	4"	4"	2"	2"	2"
													4"	4"	4"	8"	8"	8"	SOIL	SOIL	SOIL	SOIL	SOIL	SOIL
													SOIL	SOIL	SOIL	SOIL	SOIL	SOIL	TEMP	TEMP	TEMP	TEMP	TEMP	TEMP
	MAX	AVG	DIR	TOTAL	MAX	MIN	AVG	MAX	MIN	AVG			TEMP	TEMP	TEMP	TEMP	TEMP	TEMP	UNDER	UNDER	UNDER	UNDER	UNDER	UNDER
	WIND	WIND	AVG	SOLAR	AIR	AIR	AIR	REL	REL	DEW	TOTAL	TOTAL	UNDER 	UNDER 	UNDER 	UNDER 	UNDER 	UNDER 	BARE 	BARE 	BARE 	BARE 	BARE 	BARE
	SPEED	SPEED	WIND	RAD	TEMP	TEMP	TEMP	HUM	HUM	POINT	PRECIP	EVAP	SOD	SOD	SOD	SOD	SOD	SOD	SOIL	SOIL	SOIL	SOIL	SOIL	SOIL
DAY	MPH	MPH	o	MJ/M*M	oF	oF	oF	%	%	oF	IN	IN	oF	oF	oF	oF	oF	oF	oF	oF	oF	oF	oF	oF
______________________________________________________________________________________________________________________________________________________________________________________________________
																	
1	15.5	6.3	277.6	9.8	36.2	23.4	29.9	100.0	54.1	24.6	0.30	0.05	46.0	40.7	43.3	46.6	43.3	44.6	44.8	36.8	40.0	47.9	35.3	39.1
2	14.4	5.1	138.4	18.7	42.0	15.1	32.1	100.0	60.9	28.8	0.04	0.08	46.4	40.6	42.9	45.3	42.1	43.6	50.3	35.9	42.0	55.5	34.6	42.8
3	32.8	8.1	191.5	3.4	66.8	35.2	46.7	100.0	77.3	45.5	0.64	0.03	49.6	43.0	45.5	47.1	43.5	44.9	52.3	43.0	46.4	56.1	42.6	47.2
4	33.2	9.5	277.9	10.2	35.4	26.8	30.7	92.7	60.8	24.1	0.00	0.05	45.3	39.4	42.2	47.6	42.2	43.9	44.7	36.8	40.2	44.4	34.9	39.0
5	13.0	3.2	176.7	18.3	50.2	23.9	38.5	97.7	44.7	30.7	0.00	0.10	48.5	37.1	42.4	46.1	40.1	42.5	52.2	35.5	42.5	57.8	34.2	43.3
6	22.6	7.1	308.4	10.5	43.5	26.4	36.3	86.1	40.4	24.7	0.00	0.07	46.2	40.7	43.9	45.7	43.1	44.4	46.8	37.4	42.5	50.1	35.3	41.9
7	15.7	5.3	328.1	26.2	39.7	21.3	30.2	73.4	36.4	15.5	0.00	0.12	48.9	37.0	42.3	45.2	40.3	42.7	51.1	34.6	40.8	56.3	32.7	41.0
8	10.6	2.9	184.1	15.2	42.7	25.1	33.7	100.0	27.5	19.2	0.14	0.09	46.5	37.6	42.0	44.7	40.5	42.8	48.6	35.1	40.8	51.9	33.0	40.3
9	9.1	2.7	233.1	7.7	41.7	30.6	36.1	100.0	62.7	31.4	0.01	0.05	46.7	40.9	43.1	45.5	42.1	43.5	46.9	37.5	41.6	50.5	36.2	41.7
10	13.5	3.3	262.9	13.6	45.6	29.0	37.0	96.7	46.2	28.4	0.00	0.06	47.3	39.4	43.0	45.8	41.5	43.4	48.3	36.5	42.0	52.6	35.1	42.0
11	17.6	6.2	192.6	22.8	67.9	31.9	51.7	91.1	39.9	39.2	0.00	0.16	54.8	39.4	46.7	50.0	41.8	45.0	60.2	36.7	48.1	66.0	35.1	49.8
12	22.5	7.7	203.0	24.4	78.8	53.5	65.4	70.1	38.2	46.9	0.00	0.21	61.5	47.4	53.6	55.1	47.0	50.1	69.8	46.9	57.4	77.1	46.5	60.1
13	31.5	7.5	186.4	12.8	73.4	56.9	65.3	100.0	43.4	55.6	0.36	0.11	59.5	52.3	55.7	55.7	51.1	53.1	63.8	53.0	58.7	67.7	52.5	60.1
14	17.6	5.2	183.8	10.9	66.8	50.6	59.5	100.0	73.8	57.1	0.59	0.08	62.1	55.7	58.4	58.0	54.0	55.6	65.6	56.7	60.0	71.2	55.7	61.1
15	25.2	8.7	273.7	9.6	50.9	33.1	42.5	99.7	62.8	38.5	0.19	0.06	58.8	49.6	54.0	57.8	52.2	54.4	56.7	44.6	51.8	56.8	41.7	50.6
16	25.3	9.9	287.7	8.9	35.3	28.0	32.3	92.0	63.3	25.4	0.01	0.05	50.4	44.4	46.8	52.9	47.0	49.4	44.7	39.5	42.0	45.4	37.1	40.2
17	17.0	5.4	232.1	25.1	50.1	29.4	39.0	78.3	51.1	29.0	0.00	0.14	55.6	42.1	48.0	51.5	45.3	47.8	57.6	37.3	46.2	62.8	35.4	46.9
18	30.7	9.1	187.2	11.4	56.7	32.4	41.3	91.0	58.4	33.4	0.00	0.08	52.2	45.0	48.3	50.3	47.1	48.8	51.5	40.1	45.9	56.2	37.8	45.6
19	16.5	6.5	160.5	26.1	56.6	33.0	44.2	95.4	29.8	29.7	0.01	0.16	57.5	44.5	49.9	52.2	46.4	49.0	62.9	41.1	50.3	69.5	39.7	51.6
20	19.4	3.6	95.0	27.7	62.7	30.3	48.9	83.2	15.2	23.4	0.00	0.19	59.7	44.6	51.7	53.9	47.3	50.5	66.7	40.6	53.2	74.3	37.4	54.3
21	16.1	5.6	81.5	20.6	64.8	42.2	53.6	61.7	19.9	28.2	0.00	0.17	60.6	48.2	53.6	55.0	49.7	52.2	67.6	46.8	55.7	74.5	44.9	56.8
22	19.6	7.6	69.9	15.8	68.5	46.9	56.5	51.8	18.9	29.6	0.00	0.16	58.1	50.3	53.7	55.0	51.2	52.8	64.4	50.6	56.3	69.7	49.4	57.0
23	14.9	5.3	66.0	9.9	64.7	46.3	54.4	99.3	42.1	44.1	0.19	0.08	57.1	50.4	53.9	54.9	51.3	53.0	61.7	50.8	55.9	66.8	32.7	56.5
24	14.9	4.2	63.0	10.1	64.2	48.8	56.0	98.0	66.7	51.8	0.00	0.07	59.5	53.0	55.6	56.5	52.8	54.2	60.4	52.6	56.4	63.4	50.6	57.1
25	15.4	5.6	72.6	26.0	64.6	41.8	53.4	100.0	35.5	40.5	0.00	0.18	64.0	51.4	56.8	58.3	52.4	54.9	70.0	49.3	57.8	76.3	47.7	59.0
26	12.5	2.8	171.8	28.8	68.3	36.1	53.5	82.2	19.3	32.8	0.00	0.20	64.9	50.6	57.2	59.3	52.7	55.6	72.5	46.8	59.1	79.8	43.7	60.4
27	19.3	7.0	274.6	28.8	70.0	42.6	57.3	80.5	20.2	35.1	0.00	0.22	64.9	52.4	57.9	59.7	53.9	56.5	73.3	50.7	61.4	80.3	48.1	62.7
28	19.2	7.3	132.9	29.4	59.1	37.7	47.6	86.7	24.1	28.9	0.00	0.19	63.7	52.1	57.3	59.3	54.1	56.5	71.3	50.6	60.1	77.2	47.4	60.2
29	13.2	2.5	90.6	30.1	65.7	32.3	49.1	79.9	12.4	20.2	0.00	0.20	64.8	49.5	56.4	58.9	52.6	55.8	73.2	47.0	59.3	79.9	43.1	59.9
30	15.9	4.6	170.2	29.2	77.0	36.7	59.0	75.3	16.1	29.9	0.00	0.23	66.1	50.3	57.5	60.0	53.4	56.4	76.1	48.6	62.0	83.6	45.1	63.3
_______________________________________________________________________________________________________________________________________________________________________________________________________
																								
TOT				542.3							2.46	3.64												
AVG		5.9	185.8	18.1	57.0	34.9	46.1	88.8	42.1	33.1		0.12	55.6	45.7	50.1	52.5	47.4	49.6	59.2	43.3	50.5	64.1	40.8	51.0
MAX	33.2				78.8			100.0					66.1			60.0			76.1			83.6		
MIN						15.1			12.4					37.0			40.1			34.6			32.7	
																	

KEY:	M = missing data																
	E = estimated data																	
																					
																					
																			
**	For further information	on the	ICN contact:			
	Jennie Atkins 							     
	(217) 333-4966							   								
	Illinois State Water Survey																	
	2204 Griffith Dr., Champaign, IL  61820-7495															
	jatkins@illinois.edu	


If ICN data are used, the program and network should be referenced.  Our suggested citation is
Water and Atmospheric Resources Monitoring Program. Illinois Climate Network. (2018). Illinois State Water Survey, 2204 Griffith Drive, Champaign, IL 61820-7495. http://dx.doi.org/10.13012/J8MW2F2Q.	