								
                                                             		  Illinois Climate Network (ICN)
                                                                     		  February 2017
                                                              		    Monthly Summary For Olney

																			MAX	MIN	AVG	MAX	MIN	AVG
													MAX	MIN	AVG	MAX	MIN	AVG	4"	4"	4"	2"	2"	2"
													4"	4"	4"	8"	8"	8"	SOIL	SOIL	SOIL	SOIL	SOIL	SOIL
													SOIL	SOIL	SOIL	SOIL	SOIL	SOIL	TEMP	TEMP	TEMP	TEMP	TEMP	TEMP
	MAX	AVG	DIR	TOTAL	MAX	MIN	AVG	MAX	MIN	AVG			TEMP	TEMP	TEMP	TEMP	TEMP	TEMP	UNDER	UNDER	UNDER	UNDER	UNDER	UNDER
	WIND	WIND	AVG	SOLAR	AIR	AIR	AIR	REL	REL	DEW	TOTAL	TOTAL	UNDER 	UNDER 	UNDER 	UNDER 	UNDER 	UNDER 	BARE 	BARE 	BARE 	BARE 	BARE 	BARE
	SPEED	SPEED	WIND	RAD	TEMP	TEMP	TEMP	HUM	HUM	POINT	PRECIP	EVAP	SOD	SOD	SOD	SOD	SOD	SOD	SOIL	SOIL	SOIL	SOIL	SOIL	SOIL
DAY	MPH	MPH	o	MJ/M*M	oF	oF	oF	%	%	oF	IN	IN	oF	oF	oF	oF	oF	oF	oF	oF	oF	oF	oF	oF
______________________________________________________________________________________________________________________________________________________________________________________________________

1	12.7	2.8	210.6	5.1	43.6	31.8	37.7	92.1	50.1	29.7	0.00	0.04	40.9	38.4	39.5	42.2	38.5	40.0	42.5	36.3	38.8	43.7	34.7	38.5
2	18.3	5.5	137.9	14.5	33.3	22.9	27.9	78.0	39.4	15.5	0.00	0.06	39.8	36.6	38.1	41.4	37.7	39.2	41.9	34.1	36.5	44.0	33.0	35.9
3	17.2	4.7	204.4	14.2	31.9	15.6	24.6	91.1	33.6	11.6	0.00	0.06	38.1	35.5	36.6	39.7	36.3	37.9	39.1	33.4	35.1	40.8	32.4	34.3
4	19.9	6.1	189.5	13.2	38.8	12.2	27.8	94.3	27.0	12.2	0.00	0.07	35.8	34.5	35.0	38.3	35.5	36.6	34.1	32.7	33.0	32.8	31.0	32.0
5	16.5	5.8	211.3	14.0	50.8	31.6	38.6	92.9	46.5	28.0	0.00	0.08	39.9	34.8	36.9	39.8	35.4	37.3	44.8	33.4	37.3	47.5	32.7	37.5
6	16.7	6.1	175.8	2.9	59.3	30.3	46.0	99.7	71.7	44.0	0.08	0.02	42.8	36.6	38.9	42.8	37.1	38.9	47.3	34.7	40.0	49.5	33.7	40.8
7	24.8	10.2	243.5	6.2	66.4	39.6	57.5	97.1	58.9	52.4	0.09	0.05	48.7	42.8	46.1	47.2	40.6	44.4	55.0	46.3	50.4	57.9	45.2	51.7
8	21.0	8.2	88.6	3.3	39.8	25.3	33.3	98.5	74.2	29.1	0.02	0.02	46.0	40.8	43.2	46.1	41.8	43.9	46.3	36.6	41.2	45.2	34.8	39.9
9	19.4	5.2	257.2	14.8	27.8	16.7	22.1	82.9	47.3	11.9	0.00	0.05	40.8	37.4	38.8	43.4	38.3	40.4	39.0	34.0	35.7	40.2	32.6	34.6
10	30.1	11.2	203.9	13.7	56.8	21.2	41.5	76.1	44.7	28.0	0.00	0.09	41.1	35.9	38.2	41.8	37.0	39.1	42.7	33.5	37.5	45.0	32.3	37.5
11	18.8	6.0	194.3	6.8	66.9	47.8	57.6	96.2	57.9	52.1	0.00	0.05	46.9	40.7	43.7	46.0	40.2	42.6	52.3	39.8	46.5	55.9	39.2	48.1
12	23.9	7.0	331.6	13.6	60.6	35.1	48.8	99.9	31.5	36.7	0.00	0.09	48.6	44.4	46.8	48.1	42.5	46.1	53.8	41.0	48.8	56.2	38.2	48.8
13	9.7	2.6	224.9	15.3	48.7	21.5	37.2	97.4	28.9	23.3	0.00	0.08	45.5	40.5	43.3	46.8	41.4	43.9	48.8	36.5	42.0	51.2	34.7	41.6
14	19.8	5.8	266.4	13.2	55.5	38.8	45.3	72.8	36.2	30.0	0.00	0.09	46.1	42.8	44.2	46.9	42.7	44.3	49.7	40.8	44.2	51.9	39.8	44.2
15	20.3	6.3	284.8	17.0	44.8	27.7	37.2	82.9	32.5	23.9	0.00	0.09	45.2	41.6	43.2	46.1	42.2	43.9	48.2	37.4	41.8	50.3	35.6	41.1
16	18.5	6.1	219.7	15.5	56.6	23.1	41.0	92.5	30.5	25.9	0.00	0.11	44.3	39.0	41.8	44.8	40.3	42.5	47.3	35.2	40.5	49.7	33.5	40.3
17	22.1	9.5	225.6	17.4	68.0	42.1	54.4	70.5	27.8	35.6	0.00	0.15	47.8	41.8	44.5	46.7	41.9	44.2	52.9	38.9	45.2	57.8	37.8	46.3
18	19.6	7.0	225.8	7.6	60.8	46.5	52.6	97.8	57.5	44.5	0.00	0.07	48.2	44.5	46.3	48.8	44.2	45.9	52.1	43.5	47.3	54.9	42.9	47.8
19	11.8	3.9	210.4	5.1	55.1	44.7	50.9	100.2	86.5	49.4	0.00	0.03	49.7	46.9	48.1	49.4	46.1	47.4	53.2	46.8	49.6	55.0	46.9	50.2
20	17.8	6.0	151.7	14.3	72.3	41.6	58.1	101.5	50.1	49.7	0.00	0.11	52.6	46.5	49.4	52.3	46.5	48.6	58.9	44.8	51.4	63.1	43.9	52.5
21	8.3	2.9	133.0	3.5	61.7	53.8	58.1	98.1	63.0	52.0	0.08	0.03	52.3	50.1	51.1	52.2	48.5	50.4	55.4	50.7	52.8	57.1	50.7	53.4
22	20.1	5.6	200.7	15.0	70.4	46.8	59.1	101.5	63.2	54.7	0.00	0.10	55.9	50.2	52.9	55.0	49.6	51.7	62.3	50.0	55.6	66.0	49.6	56.6
23	21.1	7.3	191.4	11.3	69.9	52.7	62.2	100.3	60.5	55.8	0.00	0.09	56.1	51.9	54.1	55.3	51.0	53.1	60.7	51.5	56.1	63.3	31.0	56.9
24	31.4	11.4	237.4	6.9	69.9	40.6	59.0	91.6	59.8	51.3	0.13	0.07	56.1	52.3	54.8	56.0	52.7	54.1	59.4	48.9	55.8	61.7	46.0	55.9
25	33.3	11.2	297.9	14.9	40.9	24.1	32.2	80.0	41.9	20.0	0.00	0.07	52.3	44.3	47.6	54.3	46.3	49.6	49.0	38.9	43.8	48.5	36.1	41.8
26	20.6	6.0	203.8	14.9	47.9	20.3	36.4	92.9	30.3	21.6	0.00	0.09	45.6	41.3	43.7	47.3	42.8	45.4	45.1	35.5	40.1	46.6	33.3	39.4
27	16.6	5.8	149.7	12.8	56.6	40.4	49.2	85.6	64.7	41.1	0.00	0.08	49.7	44.7	46.9	49.3	44.5	46.8	52.9	42.0	46.7	55.3	41.5	47.4
28	24.4	8.7	197.9	3.3	67.6	50.7	59.0	100.1	72.7	56.6	0.83	0.03	54.2	48.2	50.4	53.2	47.4	49.4	56.6	47.7	52.1	58.8	47.5	53.3
_______________________________________________________________________________________________________________________________________________________________________________________________________
																								
TOT				310.1							1.24	1.99												
AVG		6.6	209.6	11.1	54.4	33.8	44.8	91.6	49.6	35.2		0.07	46.8	42.3	44.4	47.2	42.5	44.6	49.7	40.2	44.5	51.8	38.2	44.6
MAX	33.3				72.3			101.5					56.1			56.0			62.3			66.0		
MIN						12.2			27.0					34.5			35.4			32.7			31.0	



KEY:	M = missing data																
	E = estimated data																	
																					
																					
																			
**	For further information	on the	ICN contact:			
	Jennie Atkins 							     
	(217) 333-4966							     									
	Illinois State Water Survey																	
	2204 Griffith Dr., Champaign, IL  61820-7495															
	jatkins@illinois.edu	


If ICN data are used, the program and network should be referenced.  Our suggested citation is
Water and Atmospheric Resources Monitoring Program. Illinois Climate Network. (2017). Illinois State Water Survey, 2204 Griffith Drive, Champaign, IL 61820-7495. http://dx.doi.org/10.13012/J8MW2F2Q.	