								
                                                             		  Illinois Climate Network (ICN)
                                                                     		    June 2021
                                                              		    Monthly Summary For Olney

																			MAX	MIN	AVG	MAX	MIN	AVG
													MAX	MIN	AVG	MAX	MIN	AVG	4"	4"	4"	2"	2"	2"
													4"	4"	4"	8"	8"	8"	SOIL	SOIL	SOIL	SOIL	SOIL	SOIL
													SOIL	SOIL	SOIL	SOIL	SOIL	SOIL	TEMP	TEMP	TEMP	TEMP	TEMP	TEMP
	MAX	AVG	DIR	TOTAL	MAX	MIN	AVG	MAX	MIN	AVG			TEMP	TEMP	TEMP	TEMP	TEMP	TEMP	UNDER	UNDER	UNDER	UNDER	UNDER	UNDER
	WIND	WIND	AVG	SOLAR	AIR	AIR	AIR	REL	REL	DEW	TOTAL	TOTAL	UNDER 	UNDER 	UNDER 	UNDER 	UNDER 	UNDER 	BARE 	BARE 	BARE 	BARE 	BARE 	BARE
	SPEED	SPEED	WIND	RAD	TEMP	TEMP	TEMP	HUM	HUM	POINT	PRECIP	EVAP	SOD	SOD	SOD	SOD	SOD	SOD	SOIL	SOIL	SOIL	SOIL	SOIL	SOIL
DAY	MPH	MPH	o	MJ/M*M	oF	oF	oF	%	%	oF	IN	IN	oF	oF	oF	oF	oF	oF	oF	oF	oF	oF	oF	oF
______________________________________________________________________________________________________________________________________________________________________________________________________

1	9.1	2.5	51.6	9.1	72.6	58.0	64.6	95.7	53.0	57.2	0.15	0.08	70.5	67.1	68.7	69.5	67.3	68.3	72.1	65.4	68.3	74.8	66.0	69.6
2	10.5	3.3	125.6	5.7	67.7	59.8	63.4	98.5	90.1	62.2	0.41	0.04	68.8	66.1	67.4	68.0	66.5	67.2	69.5	64.2	66.6	71.3	64.7	67.6
3	10.2M	2.7M	240.8M	1.2M	75.5M	60.9M	66.8M	98.5M	63.6M	63.0M	0.00M	0.01M	73.5M	66.8M	70.0M	70.5M	66.9M	69.0M	77.1M	65.3M	70.0M	79.6M	65.8M	70.7M
4	15.6	3.7	223.3	31.8	84.8	56.7	72.0	98.5	35.3	60.5	0.00	0.26	77.7	66.3	71.8	73.3	67.1	70.1	82.7	63.1	73.1	87.8	63.0	75.5
5	16.4	3.2	196.6	31.1	85.7	59.3	73.6	98.5	41.6	62.7	0.00	0.26	79.4	68.8	73.9	74.9	69.2	72.1	86.7	66.5	76.6	92.5	66.7	79.3
6	17.4	5.2	180.5	16.9	83.4	66.1	73.6	96.9	61.6	68.8	0.06	0.14	77.7	71.9	74.4	74.4	71.5	73.0	83.0	71.8	76.2	87.4	72.9	78.2
7	14.6	5.1	191.0	17.8	82.0	69.3	74.3	97.3	66.0	69.2	0.04	0.15	78.1	72.5	75.1	75.1	72.2	73.5	82.7	71.7	76.4	86.9	72.7	78.6
8	12.8	3.5	138.7	8.9	76.0	68.8	71.9	98.6	83.8	70.2	1.26	0.07	75.8	73.2	74.4	74.3	72.8	73.5	77.3	72.3	74.7	80.0	73.1	76.2
9	12.3	2.4	192.2	21.6	82.1	70.2	75.1	98.6	72.0	71.5	0.00	0.18	80.5	72.9	76.4	76.8	72.6	74.5	86.7	72.3	78.5	91.0	73.1	80.4
10	11.0	2.3	167.7	23.7	88.0	68.2	77.3	98.6	58.3	71.7	0.00	0.15	81.5	74.5	77.9	78.1	74.2	76.0	85.9	73.4	79.5	90.3	73.4	81.5
11	10.0	1.8	212.7	28.3	92.5	68.9	80.2	98.6	51.4	72.6	0.00	0.25	84.7	75.3	79.9	80.3	75.1	77.6	89.7	73.4	81.7	94.0	73.8	84.1
12	12.7	2.7	196.2	29.1	95.5	71.6	83.3	98.6	46.2	73.9	0.00	0.26	87.1	77.6	82.1	82.4	77.1	79.6	94.1	75.9	84.5	100.2	76.5	87.5
13	14.3	3.5	81.2	31.3	89.0	65.0	78.9	96.4	44.0	68.0	0.00	0.27	86.3	78.9	82.1	82.3	78.5	80.4	94.2	77.1	84.8	99.5	77.9	87.4
14	17.2	4.4	176.1	31.3	92.0	61.1	76.6	98.6	33.9	60.9	0.00	0.28	84.1	75.7	79.7	80.7	76.5	78.7	93.5	73.2	82.7	98.8	73.2	84.9
15	14.4	2.7	101.7	32.0	84.3	56.9	71.8	96.5	36.2	57.6	0.00	0.26	82.9	74.0	78.3	79.6	75.1	77.4	91.9	71.7	81.5	96.5	71.6	83.7
16	9.9	2.4	84.4	32.4	84.7	59.9	71.7	95.1	36.3	57.2	0.00	0.26	83.4	74.0	78.3	79.8	74.7	77.2	93.3	72.6	82.2	97.9	72.7	84.3
17	13.1	3.3	185.1	31.5	88.5	56.7	76.0	98.5	41.0	61.2	0.00	0.27	83.6	73.0	78.2	79.7	74.1	76.9	94.1	71.5	82.7	98.4	71.4	84.8
18	24.2	10.1	226.4	28.8	94.5	74.1	84.5	85.4	55.4	72.7	0.00	0.28	83.9	76.0	79.7	80.4	76.0	78.1	95.5	77.9	86.1	99.4	78.6	88.2
19	24.5	7.1	190.3	15.5	87.4	68.2	77.7	96.1	60.2	69.2	0.45	0.15	80.8	76.0	78.2	79.1	76.3	77.6	84.1	77.0	80.3	86.9	77.2	81.3
20	19.5	8.3	232.6	27.8	90.3	74.7	82.1	86.6	52.5	71.6	0.00	0.26	84.1	75.8	79.7	80.7	76.0	78.2	86.8	74.6	80.3	90.6	75.1	82.3
21	22.5	5.5	300.2	12.6	80.6	58.1	71.0	89.3	61.4	62.1	0.00	0.12	79.3	73.7	77.1	79.0	75.4	77.2	79.9	70.0	75.7	83.7	70.0	77.1
22	13.0	3.0	161.6	33.1	76.6	52.1	65.5	93.5	36.3	50.4	0.00	0.26	81.6	70.0	75.5	78.3	72.1	75.2	86.2	64.9	75.2	91.3	64.7	77.6
23	19.3	6.6	173.1	32.7	80.9	58.7	70.8	73.2	40.9	53.6	0.00	0.27	80.4	70.9	75.4	77.6	72.6	75.1	87.6	67.8	77.4	92.1	63.0	79.6
24	20.7	6.4	186.0	20.9	82.8M	65.0M	75.3M	82.1M	60.7M	64.6M	0.01	0.16M	77.7	71.7	74.9	76.1	72.9	74.7	83.7	70.6	77.4	87.5	71.0	79.4
25	24.7	9.0	200.6	9.2	85.4	72.7	78.8	85.6	71.5	72.4	0.04	0.10	77.2	74.4	75.5	75.7	74.3	75.0	79.7	74.7	76.6	82.5	75.9	78.3
26	27.1	12.3	206.1	23.9	88.4	75.7	81.4	86.6	60.5	72.0	0.00	0.23	80.6	74.6	77.3	78.0	74.5	76.0	88.4	74.5	80.8	92.4	75.6	83.0
27	22.3	8.8	212.2	27.2	90.0	74.4	82.0	86.0	59.3	72.5	0.01	0.24	83.3	75.4	79.0	79.9	75.4	77.5	92.0	76.9	84.1	95.9	77.8	86.3
28	17.2	4.5	166.4	27.7	91.8	71.2	81.0	96.7	52.8	72.4	0.00	0.25	85.8	76.5	80.9	82.0	76.6	79.2	95.8	78.0	86.3	100.1	78.5	88.5
29	16.0	3.3	199.0	29.6	93.6	70.6	82.0	98.6	48.7	72.6	0.03	0.27	88.1	77.4	82.4	83.6	77.5	80.5	98.7	78.6	88.2	103.6	79.2	90.5
30	20.0	3.1	207.9	19.2	89.0	70.8	78.3	98.6	59.9	72.7	0.57	0.17	86.1	79.4	82.4	82.9	79.3	81.0	92.9	80.3	85.7	96.7	80.7	87.2
______________________________________________________________________________________________________________________________________________________________________________________________________
																								
TOT				691.8M							3.03M	5.95M												
AVG		4.8M	180.3M	23.1M	85.2M	65.5M	75.4M	94.0M	54.5M	66.2M		0.20M	80.8M	73.3M	76.9M	77.8M	73.7M	75.7M	86.9M	72.2M	79.1M	91.0M	72.5M	81.1M
MAX	27.1				95.5M			98.6M					88.1M			83.6M			98.7M			103.6M		
MIN						52.1M			33.9M					66.1M			66.5M			63.1M			63.0M	
	

KEY:	M = missing data																
	E = estimated data																	
																																										
																			
**	For further information	on the	ICN contact:			
	Jennie Atkins 							     
	(217) 333-4966							     									
	Illinois State Water Survey																	
	2204 Griffith Dr., Champaign, IL  61820-7495															
	jatkins@illinois.edu	


If ICN data are used, the program and network should be referenced.  Our suggested citation is
Water and Atmospheric Resources Monitoring Program. Illinois Climate Network. (2021). Illinois State Water Survey, 2204 Griffith Drive, Champaign, IL 61820-7495. http://dx.doi.org/10.13012/J8MW2F2Q.	