								
                                                             			   Illinois Climate Network (ICN)
                                                                               	  	  January 2017
                                                              		 	   Monthly Summary For DeKalb

																			MAX	MIN	AVG	MAX	MIN	AVG
													MAX	MIN	AVG	MAX	MIN	AVG	4"	4"	4"	2"	2"	2"
													4"	4"	4"	8"	8"	8"	SOIL	SOIL	SOIL	SOIL	SOIL	SOIL
													SOIL	SOIL	SOIL	SOIL	SOIL	SOIL	TEMP	TEMP	TEMP	TEMP	TEMP	TEMP
	MAX	AVG	DIR	TOTAL	MAX	MIN	AVG	MAX	MIN	AVG			TEMP	TEMP	TEMP	TEMP	TEMP	TEMP	UNDER	UNDER	UNDER	UNDER	UNDER	UNDER
	WIND	WIND	AVG	SOLAR	AIR	AIR	AIR	REL	REL	DEW	TOTAL	TOTAL	UNDER 	UNDER 	UNDER 	UNDER 	UNDER 	UNDER 	BARE 	BARE 	BARE 	BARE 	BARE 	BARE
	SPEED	SPEED	WIND	RAD	TEMP	TEMP	TEMP	HUM	HUM	POINT	PRECIP	EVAP	SOD	SOD	SOD	SOD	SOD	SOD	SOIL	SOIL	SOIL	SOIL	SOIL	SOIL
DAY	MPH	MPH	o	MJ/M*M	oF	oF	oF	%	%	oF	IN	IN	oF	oF	oF	oF	oF	oF	oF	oF	oF	oF	oF	oF
______________________________________________________________________________________________________________________________________________________________________________________________________

1	17.3	5.8	162.1	9.4	38.4	14.5	26.5	93.6	50.1	20.4	0.01	0.04	36.2	35.5	35.7	34.8	33.8	34.2	33.3	32.6	32.8	33.6	32.3	33.0
2	15.3	7.2	85.5	1.7	37.6	23.4	33.2	97.6	79.4	31.2	0.01	0.01	36.6	35.5	35.8	35.0	33.8	34.2	32.9	32.8	32.8	33.3	32.4	33.0
3	19.8	5.1	282.6	1.4	37.4	13.9	31.8	98.0	74.7	29.9	0.03	0.01	38.0	36.5	37.4	35.2	34.1	34.6	33.2	32.9	33.1	33.5	33.3	33.4
4	24.4	10.4	284.6	9.3	16.9	5.9	11.1	80.3	47.6	2.7	0.00	0.03	37.2	35.2	35.9	35.1	33.8	34.4	33.3	31.9	32.8	33.5	26.0	29.3
5	18.5	4.9	292.0	5.5	13.6	1.0	7.3	77.4	52.0	-1.5	0.00	0.02	35.2	34.4	34.8	34.4	33.1	33.6	32.0	28.1	30.3	29.2	21.4	25.4
6	19.4	4.1	286.2	9.0	8.9	-2.3	1.5	81.5	46.0	-6.5	0.00	0.02	34.5	33.8	34.1	33.7	32.5	33.0	29.5	25.2	27.1	27.7	18.8	21.9
7	19.5	4.7	278.9	9.8	18.9	-1.9	8.4	82.0	42.1	-1.3	0.00	0.03	33.9	33.3	33.6	33.1	31.9	32.4	29.3	23.6	26.0	27.9	18.2	21.8
8	26.1	7.9	231.7	9.2	18.4	-1.0	10.0	77.4	39.7	-0.4	0.00	0.03	33.4	32.6	33.0	32.7	31.5	32.0	28.2	22.2	25.3	26.9	17.0	21.8
9	26.3	13.0	180.9	3.2	33.0	15.5	24.0	94.9	62.6	18.2	0.02	0.02	33.0	32.5	32.7	32.4	31.3	31.7	29.7	25.9	27.8	30.0	23.6	27.2
10	47.4	22.8	217.7	0.6	49.6	24.5	35.4	96.7	75.8	31.8	0.28	0.02	33.4	32.9	33.2	32.6	31.4	31.8	31.5	29.7	30.7	32.9	30.0	31.8
11	21.3	11.3	136.6	1.9	39.8	24.1	31.0	98.5	80.0	28.7	0.08	0.01	33.5	33.4	33.5	32.6	31.4	31.9	31.8	31.5	31.6	32.9	31.0	32.2
12	20.5	7.6	247.6	3.5	27.0	17.3	21.4	96.9	58.6	16.9	0.00	0.02	33.6	33.5	33.5	32.5	31.6	32.0	31.8	30.9	31.7	32.8	28.0	31.3
13	18.5	10.0	90.0	4.6	23.1	13.6	18.6	87.5	56.1	11.2	0.00	0.02	33.6	33.5	33.6	32.5	31.6	31.9	30.9	28.1	29.3	30.3	25.0	27.5
14	11.1	3.2	231.5	4.3	31.4	20.7	26.0	88.1	66.1	20.7	0.00	0.02	33.6	33.4	33.5	32.4	31.5	31.8	31.1	28.7	29.9	32.1	27.6	29.9
15	8.5	2.5	185.9	4.7	33.1	16.1	25.9	91.4	43.9	19.3	0.00	0.02	33.5	33.3	33.4	32.4	31.4	31.8	31.0	28.1	29.7	32.0	25.9	29.4
16	17.3	7.0	101.2	1.1	36.7	29.4	33.1	98.0	86.4	31.9	1.08	0.01	33.6	33.5	33.5	32.8	31.6	32.0	31.7	31.0	31.4	32.8	31.2	32.3
17	18.7	7.4	254.7	2.2	37.3	33.4	35.0	98.1	96.6	34.3	0.41	0.01	33.7	33.6	33.6	33.1	31.9	32.3	32.0	31.7	31.8	33.1	32.8	32.9
18	24.1	9.5	235.8	3.6	36.4	31.7	33.4	98.4	89.0	32.3	0.00	0.01	33.8	33.6	33.7	32.9	32.0	32.3	32.1	31.9	32.0	33.2	33.1	33.1
19	13.9	6.7	130.2	3.5	38.3	31.5	34.9	98.5	95.1	34.3	0.14	0.01	34.0	33.8	33.9	33.3	31.9	32.5	32.2	32.1	32.1	33.3	33.2	33.2
20	12.6	5.6	106.5	2.6	42.8	36.1	38.8	97.9	97.0	38.1	0.04	0.01	34.1	33.9	34.0	33.3	32.1	32.6	32.2	32.1	32.2	35.0	33.3	33.9
21	25.6	9.1	202.9	9.4	55.6	38.0	46.2	98.4	69.4	43.9	0.02	0.05	36.5	34.1	35.1	33.2	32.1	32.6	35.1	32.2	33.2	44.3	34.9	38.5
22	20.5	5.7	215.0	2.4	39.3	30.6	35.4	98.8	92.7	34.7	0.00	0.01	37.0	35.9	36.4	33.5	32.2	32.7	34.1	32.4	33.3	37.5	33.4	35.3
23	19.0	4.9	318.1	3.0	41.3	35.2	37.8	97.1	82.3	35.6	0.00	0.02	38.4	37.0	37.6	34.9	32.8	33.7	37.1	33.4	35.1	39.7	17.0	36.8
24	17.7	5.0	192.3	2.7	37.0	33.9	35.3	95.0	79.8	32.4	0.00	0.02	38.8	37.8	38.2	35.9	34.2	34.9	37.8	35.6	36.6	39.7	35.4	37.1
25	26.3	12.7	201.3	1.2	38.0	32.6	35.3	97.7	93.4	34.3	0.14	0.01	38.5	38.0	38.2	36.9	35.4	35.9	37.2	35.9	36.4	39.4	35.4	37.0
26	20.4	7.9	286.8	3.6	33.2	26.6	30.6	97.1	77.4	27.2	0.02	0.02	38.1	37.6	37.9	36.6	35.3	35.8	36.1	34.7	35.3	37.7	34.6	35.4
27	24.9	11.3	268.7	2.9	28.7	22.7	25.5	87.4	66.7	20.6	0.00	0.02	37.6	34.1	35.9	36.2 M	35.1 M	35.4 M	35.0	34.0	34.4	34.7	33.7	34.3
28	17.6	6.6	285.7	1.8	27.6	23.9	25.8	88.3	74.6	21.7	0.00	0.01	34.1	33.6	33.8	35.7 M	34.5 M	35.0 M	34.0	33.4	33.6	33.7	33.3	33.5
29	15.0	3.3	307.9	1.9	26.1	18.5	24.5	79.4	64.0	16.9	0.00	0.01	33.7	33.3	33.5	35.4	34.1	34.5	33.4	33.0	33.2	33.3	31.4	32.8
30	29.6	10.1	231.0	6.4	38.5	11.5	24.5	87.8	53.9	17.3	0.00	0.03	33.3	33.0	33.1	34.6	33.8	34.2	33.0	32.5	32.6	32.8	28.5	31.2
31	27.1	11.9	270.7	4.2	41.2	33.0	36.5	92.0	61.6	31.0	0.00	0.03	33.1	33.0	33.0	34.6	33.7	34.0	32.7	32.5	32.6	33.4	32.7	33.1
_______________________________________________________________________________________________________________________________________________________________________________________________________
																								
TOT				130.7							2.26	0.61												
AVG		7.9	219.4	4.2	33.1	21.1	27.2	92.0	69.5	22.8		0.02	35.1	34.4	34.7	34.0 M	32.8 M	33.3 M	32.7	31.0	31.8	33.6	29.2	31.6
MAX	47.4				55.6			98.8					38.8			36.9 M			37.8			44.3		
MIN						-2.3			39.7					32.5			31.3 M			22.2			17.0	


KEY:	M = missing data																
	E = estimated data																																					
																					
																			
**	For further information	on the	ICN contact:			***  4" SOIL TEMP UNDER SOD was labeled 4" SOIL TEMP prior to May 2013
	Jennie Atkins 							     8" SOIL TEMP UNDER SOD was labeled 8" SOIL TEMP prior to May 2013
	(217) 333-4966							     4" SOIL TEMP UNDER BARE SOIL was added to the tables in May 2013.  For prior data, please contact Jennie Atkins.									
	Illinois State Water Survey																	
	2204 Griffith Dr., Champaign, IL  61820-7495															
	jatkins@illinois.edu	



If ICN data are used, the program and network should be referenced.  Our suggested citation is
Water and Atmospheric Resources Monitoring Program. Illinois Climate Network. (2017). Illinois State Water Survey, 2204 Griffith Drive, Champaign, IL 61820-7495. http://dx.doi.org/10.13012/J8MW2F2Q.	