
								    	     Illinois Climate Network (ICN)	    				          
                                                                      	            December 2021
                                                                       	     Monthly Summary For Belleville	
	
															
																			MAX	MIN	AVG	MAX	MIN	AVG
													MAX	MIN	AVG	MAX	MIN	AVG	4"	4"	4"	2"	2"	2"
													4"	4"	4"	8"	8"	8"	SOIL	SOIL	SOIL	SOIL	SOIL	SOIL
													SOIL	SOIL	SOIL	SOIL	SOIL	SOIL	TEMP	TEMP	TEMP	TEMP	TEMP	TEMP
	MAX	AVG	DIR	TOTAL	MAX	MIN	AVG	MAX	MIN	AVG			TEMP	TEMP	TEMP	TEMP	TEMP	TEMP	UNDER	UNDER	UNDER	UNDER	UNDER	UNDER
	WIND	WIND	AVG	SOLAR	AIR	AIR	AIR	REL	REL	DEW	TOTAL	TOTAL	UNDER 	UNDER 	UNDER 	UNDER 	UNDER 	UNDER 	BARE 	BARE 	BARE 	BARE 	BARE 	BARE
	SPEED	SPEED	WIND	RAD	TEMP	TEMP	TEMP	HUM	HUM	POINT	PRECIP	EVAP	SOD	SOD	SOD	SOD	SOD	SOD	SOIL	SOIL	SOIL	SOIL	SOIL	SOIL
DAY	MPH	MPH	o	MJ/M*M	oF	oF	oF	%	%	oF	IN	IN	oF	oF	oF	oF	oF	oF	oF	oF	oF	oF	oF	oF
______________________________________________________________________________________________________________________________________________________________________________________________________																							

1	10.2	2.6	167.0	9.1	65.6	41.0	49.2	95.6	51.8	42.5	0.02	0.06	48.9	44.8	46.4	48.4	45.8	46.8	53.1	43.0	46.6	57.2	42.1	46.8
2	19.7	5.0	229.3	10.3	70.6	39.9	54.7	89.6	31.7	39.7	0.00	0.08	49.2	45.1	47.1	49.0	46.5	47.6	53.9	42.3	47.3	57.8	40.4	47.4
3	13.8	3.5	169.6	10.9	77.4	33.0	52.2	99.0	35.3	42.7	0.01	0.07	50.4	45.2	47.8	49.7	46.7	48.2	55.5	41.8	48.2	60.3	39.1	48.3
4	20.0	6.8	34.4	10.6	54.1	31.4	43.4	89.7	46.6	34.3	0.00	0.07	48.9	46.1	47.6	49.6	47.8	48.6	51.7	42.7	46.7	54.8	38.9	45.5
5	26.4	9.0	179.9	3.6	60.7	31.4	49.6	98.7	66.9	44.0	0.32	0.03	49.5	44.9	47.0	49.5	46.7	47.7	50.4	41.4	46.2	52.9	38.3	46.4
6	30.4	13.7	300.9	10.8	54.0	26.7	37.2	82.0	38.7	22.1	0.00	0.08	49.6	43.9	46.4	49.7	46.1	48.0	50.3	38.5	44.0	50.5	35.2	41.6
7	14.3	5.4	101.3	2.5	29.1	23.0	26.2	88.7	45.2	15.4	0.00	0.02	44.0	41.7	42.5	46.1	43.5	44.3	38.5	35.7	36.4	35.2	33.2	33.7
8	13.8	4.2	206.2	10.9	50.2	21.1	34.8	95.3	30.8	23.0	0.00	0.06	43.4	40.2	41.6	44.0	42.2	43.1	43.2	34.7	37.6	45.8	32.3	36.4
9	29.3	10.3	167.6	9.8	58.9	29.9	46.4	99.4	58.9	38.5	0.00	0.07	45.5	40.7	43.1	45.6	42.7	43.9	47.7	36.1	41.4	51.0	34.0	41.4
10	33.5	10.3	166.9	1.6	69.9	38.8	58.6	100.0	68.9	56.9	0.15	0.02	51.1	43.6	47.0	50.0	45.0	46.8	55.7	41.7	49.0	58.4	39.7	51.1
11	39.9	14.4	263.8	8.2	65.6	26.6	42.0	82.0	37.8	30.0	0.00	0.07	51.1	44.3	48.0	50.6	46.7	49.1	55.5	39.4	47.1	56.9	35.6	45.0
12	21.6	8.6	182.8	11.0	52.0	25.1	38.2	85.9	28.2	25.7	0.00	0.07	44.8	41.2	43.4	46.7	43.9	45.0	44.4	36.1	39.7	46.5	33.0	37.9
13	13.4	5.9	163.3	10.8	57.3	28.2	42.4	92.5	37.9	31.6	0.00	0.07	45.2	40.9	43.2	45.4	43.1	44.3	46.6	35.9	40.5	50.0	33.2	39.7
14	23.9	7.7	136.3	6.7	65.6	33.0	50.1	96.1	46.4	43.7	0.21	0.06	48.5	42.5	45.2	48.1	44.2	45.6	50.7	39.3	45.3	55.1	37.2	46.3
15	37.1	16.8	177.2	2.0	65.0	55.7	61.2	92.8	80.1	57.6	0.06	0.03	52.8	48.2	50.5	52.0	48.0	49.9	56.4	50.5	53.9	58.5	51.1	55.7
16	32.0	7.8	255.9	7.2	65.1	29.0	47.9	97.7	48.8	41.3	0.68	0.05	53.2	48.1	51.7	52.7	50.1	52.0	56.6	43.5	52.7	58.2	38.9	51.7
17	18.9	4.1	59.4	0.9	38.4	27.4	33.6	99.3	78.3	32.2	0.61	0.01	48.2	44.8	45.7	50.1	46.1	47.3	43.5	39.3	41.0	40.6	35.9	38.8
18	25.1	9.8	307.6	1.4	39.1	26.0	35.2	99.5	76.3	32.5	0.44	0.01	45.0	42.4	44.1	46.2	44.4	45.5	42.0	37.5	41.0	41.1	34.7	39.4
19	9.1	2.8	266.6	9.5	39.4	24.1	30.3	98.6	64.7	26.2	0.00	0.04	43.6	41.2	42.1	44.4	42.9	43.6	43.8	36.2	38.7	46.0	34.0	37.3
20	13.0	3.8	174.4	11.1	44.7	21.2	31.2	98.7	58.6	27.3	0.01	0.05	42.0	38.9	40.4	43.2	41.0	41.9	42.1	35.2	37.5	44.5	32.9	36.0
21	16.2	4.2	259.6	10.9	51.1	23.0	35.7	99.1	51.5	28.5	0.01	0.06	41.9	38.4	40.1	42.3	40.3	41.3	43.5	35.1	38.0	46.5	33.1	36.9
22	15.3	6.3	221.2	10.8	41.1	25.0	33.3	82.0	37.6	21.3	0.00	0.06	41.2	38.7	40.0	42.0	40.5	41.2	41.2	35.2	37.1	43.4	33.1	35.7
23	28.8	9.7	181.5	10.0	59.8	26.6	44.7	90.7	58.3	36.7	0.00	0.07	43.4	38.2	40.7	43.5	39.9	41.3	45.6	34.8	39.7	49.4	32.3	39.9
24	30.1	13.2	181.9	7.3	66.7	43.5	57.5	92.0	66.4	51.6	0.00	0.07	48.3	42.6	45.2	47.6	43.3	44.9	53.0	41.7	47.6	57.0	40.5	49.3
25	23.0	9.0	266.7	6.2	66.6	37.1	54.3	99.8	73.1	50.6	0.01	0.05	50.6	47.6	49.3	49.9	47.6	48.9	56.2	46.6	52.4	59.9	44.2	52.8
26	20.7	7.2	149.6	2.2	61.1	41.8	47.1	100.0	85.4	45.1	0.01	0.02	48.3	47.1	47.6	48.7	47.7	48.1	49.8	46.4	47.5	51.8	44.9	47.4
27	24.2	10.2	217.1	8.2	65.6	42.3	56.2	94.0	29.9	46.3	0.02	0.08	51.2	48.3	49.8	50.8	48.3	49.7	56.0	47.0	51.9	58.9	44.6	52.2
28	23.7	5.4	142.3	1.6	45.4	35.2	41.6	100.0	63.2	38.7	0.42	0.01	48.7	46.3	47.4	49.8	47.4	48.4	47.0	43.4	45.4	46.9	40.9	44.1
29	16.0	5.6	98.0	2.9	41.8	33.5	39.5	100.0	85.2	38.2	0.05	0.01	46.3	45.6	46.0	47.6	46.6	46.9	45.7	42.1	43.9	46.5	39.8	43.1
30	17.1	5.1	143.4	3.3	51.0	37.7	44.0	100.0	85.2	42.8	0.00	0.02	47.5	45.6	46.4	47.8	46.3	46.9	48.5	43.3	45.3	50.2	42.2	45.2
31	23.2	8.9	175.8	5.1	64.2	43.6	55.3	100.0	70.8	52.3	0.12	0.04	50.4	46.5	48.2	50.0	47.2	48.2	53.5	44.8	49.3	56.5	43.7	50.4
________________________________________________________________________________________________________________________________________________________________________________________________________
																								
TOT				217.3							3.13	1.48												
AVG		7.7	185.4	7.0	56.0	32.3	44.3	94.8	56.1	37.4		0.05	47.5	43.7	45.5	47.8	45.1	46.3	49.1	40.4	44.5	51.2	38.0	44.0
MAX	39.9				77.4			100.0					53.2			52.7			56.6			60.3		
MIN						21.1			28.2					38.2			39.9			34.7			32.3	

																				
KEY:	M = missing data																
	E = estimated data																	
																																									
																			
**	For further information	on the	ICN contact:			
	Jennie Atkins 							   
	(217) 333-4966							    									
	Illinois State Water Survey																	
	2204 Griffith Dr., Champaign, IL  61820-7495															
	jatkins@illinois.edu	


If ICN data are used, the program and network should be referenced.  Our suggested citation is
Water and Atmospheric Resources Monitoring Program. Illinois Climate Network. (2021). Illinois State Water Survey, 2204 Griffith Drive, Champaign, IL 61820-7495. http://dx.doi.org/10.13012/J8MW2F2Q.																										
