  										Illinois Climate Network (ICN)
                                                                                	 August 2022
                                                               	 		 Monthly Summary For Bondville

																			MAX	MIN	AVG	MAX	MIN	AVG
													MAX	MIN	AVG	MAX	MIN	AVG	4"	4"	4"	2"	2"	2"
													4"	4"	4"	8"	8"	8"	SOIL	SOIL	SOIL	SOIL	SOIL	SOIL
													SOIL	SOIL	SOIL	SOIL	SOIL	SOIL	TEMP	TEMP	TEMP	TEMP	TEMP	TEMP
	MAX	AVG	DIR	TOTAL	MAX	MIN	AVG	MAX	MIN	AVG			TEMP	TEMP	TEMP	TEMP	TEMP	TEMP	UNDER	UNDER	UNDER	UNDER	UNDER	UNDER
	WIND	WIND	AVG	SOLAR	AIR	AIR	AIR	REL	REL	DEW	TOTAL	TOTAL	UNDER 	UNDER 	UNDER 	UNDER 	UNDER 	UNDER 	BARE 	BARE 	BARE 	BARE 	BARE 	BARE
	SPEED	SPEED	WIND	RAD	TEMP	TEMP	TEMP	HUM	HUM	POINT	PRECIP	EVAP	SOD	SOD	SOD	SOD	SOD	SOD	SOIL	SOIL	SOIL	SOIL	SOIL	SOIL
DAY	MPH	MPH	o	MJ/M*M	oF	oF	oF	%	%	oF	IN	IN	oF	oF	oF	oF	oF	oF	oF	oF	oF	oF	oF	oF
______________________________________________________________________________________________________________________________________________________________________________________________________

1	34.0	9.8	244.7	24.8	87.8	67.0	76.2	100.0	60.4	71.0	0.32	0.20	86.3	73.4	78.9	78.8	73.9	76.2	91.4	75.8	82.6	96.8	72.0	82.2
2	26.0	7.1	204.6	12.4	79.8	65.9	72.0	100.0	66.9	68.6	0.26	0.10	80.0	72.3	75.3	77.2	72.4	74.3	81.8	73.4	76.9	84.8	70.2	75.0
3	34.0	9.9	197.0	19.5	90.6	69.8	76.3	100.0	71.1	73.4	1.56	0.16	85.8	72.0	76.8	78.0	72.0	74.4	91.2	72.8	78.8	98.4	70.2	78.0
4	18.2	5.3	166.1	21.9	84.9	70.3	76.5	100.0	69.6	73.3	0.01	0.18	86.0	72.9	78.5	78.7	72.7	75.2	88.1	73.7	80.0	92.8	71.6	79.9
5	9.7	3.5	144.5	20.3	86.8	70.3	76.8	100.0	64.3	73.1	0.00	0.17	87.8	75.6	80.6	80.0	74.5	77.0	91.4	75.9	82.2	96.6	73.4	82.1
6	14.9	6.5	183.8	22.0	89.1	69.4	78.8	100.0	68.0	75.7	0.00	0.18	87.6	75.5	81.0	80.2	75.1	77.5	93.8	76.0	83.9	99.9	72.2	84.0
7	15.4	6.3	207.4	22.6	89.7	73.2	80.8	100.0	66.5	77.1	0.00	0.19	88.7	76.7	82.1	81.1	75.8	78.3	95.7	78.3	86.5	103.2	75.1	86.8
8	19.1	8.2	192.0	11.6	85.6	69.7	78.4	97.8	70.4	75.4	0.07	0.10	83.1	78.0	80.1	79.8	76.7	78.1	89.0	80.8	84.0	94.1	76.6	83.1
9	15.8	6.5	42.4	12.6	77.0	57.7	69.3	99.1	70.8	65.5	0.19	0.10	80.5	72.9	76.4	78.2	74.1	75.6	82.3	72.6	77.7	84.3	65.9	74.6
10	14.0	5.6	82.7	29.1	79.5	52.7	67.2	100.0	55.4	61.7	0.00	0.17	83.5	67.9	75.1	77.3	70.8	74.0	88.1	66.7	77.1	94.7	60.5	76.0
11	20.4	6.1	181.4	22.9	82.2	54.8	68.7	100.0	60.9	63.7	0.00	0.19	82.6	69.4	75.6	77.2	71.7	74.4	87.8	70.7	78.9	94.0	65.6	77.9
12	12.1	4.7	80.9	22.0	76.9	52.4	65.4	100.0	48.8	59.2	0.00	0.17	79.6	67.5	73.4	75.9	70.9	73.5	85.4	69.1	77.2	93.8	63.4	76.2
13	20.1	7.4	167.1	20.3	78.3	54.9	68.2	99.7	60.0	61.9	0.00	0.16	77.9	67.8	72.7	74.7	70.4	72.6	83.2	69.9	76.5	88.7	65.3	75.7
14	18.6	8.6	217.8	10.4	78.2	65.8	71.1	97.9	81.7	68.3	0.03	0.09	77.0	70.3	73.5	74.2	71.0	72.6	80.6	73.0	76.5	83.7	69.9	75.5
15	18.3	8.6	30.9	16.0	76.9	63.4	69.9	97.7	64.5	64.8	0.00	0.13	78.0	70.2	73.7	74.4	70.9	72.5	81.5	71.8	76.3	84.9	68.8	75.7
16	12.7	5.5	46.0	21.9	80.0	58.3	68.5	100.0	53.8	62.3	0.00	0.18	80.3	68.4	74.1	75.5	70.0	72.6	84.6	70.2	77.3	91.5	65.8	77.2
17	13.6	5.2	30.2	27.2	81.0	55.9	68.3	100.0	46.4	61.0	0.00	0.21	82.5	67.9	74.6	76.3	69.9	73.0	87.8	70.4	78.6	95.3	65.8	78.7
18	8.9	3.0	162.4	26.6	82.2	54.8	68.8	100.0	45.1	61.2	0.00	0.21	83.7	68.1	75.3	77.1	70.4	73.7	88.5	71.5	79.6	96.9	67.1	79.6
19	16.6	7.0	178.6	26.2	83.1	56.5	70.4	99.6	50.7	63.0	0.00	0.21	82.1	68.9	74.9	76.8	71.0	73.9	87.5	72.5	79.6	94.2	68.0	79.5
20	26.4	6.6	171.5	17.9	80.9	65.6	70.8	100.0	67.1	66.9	0.72	0.14	80.1	70.8	74.5	75.7	71.8	73.7	82.7	74.2	77.6	86.1	69.9	76.3
21	15.6	4.9	252.0	16.6	79.6	62.7	69.1	100.0	67.6	66.6	0.00	0.13	80.2	70.1	74.3	75.3	70.8	72.9	81.3	71.3	75.6	85.1	67.9	74.2
22	12.4	4.9	193.7	24.6	80.0	58.9	68.7	100.0	54.4	64.0	0.00	0.19	82.6	68.4	74.6	76.3	70.1	73.0	84.1	68.8	75.8	89.6	64.3	74.8
23	9.6	2.8	253.0	22.7	80.7	55.6	68.2	100.0	47.0	61.4	0.00	0.18	81.5	68.1	74.4	75.9	70.3	73.1	83.8	69.0	76.3	89.3	60.5	75.3
24	6.8	2.2	152.4	24.9	82.8	55.9	69.6	100.0	47.4	61.7	0.00	0.20	83.4	67.6	74.8	76.3	70.1	73.1	86.0	69.1	77.4	93.9	64.3	77.2
25	21.3	5.9	220.6	16.5	83.8	57.1	69.8	100.0	64.0	66.0	0.01	0.13	78.9	69.2	73.6	74.7	70.6	72.7	82.7	71.8	76.5	87.7	67.6	75.5
26	16.8	5.5	98.4	24.8	80.8	60.2	70.7	100.0	65.2	66.4	0.00	0.19	82.3	69.0	74.9	75.7	70.3	72.8	90.2	71.7	79.5	98.0	68.0	79.8
27	12.5	5.4	109.1	23.8	83.1	61.7	72.0	97.2	56.9	66.5	0.00	0.19	82.7	69.2	75.4	76.5	70.4	73.2	91.9	71.9	81.1	99.5	67.4	81.7
28	32.9	8.6	171.8	21.5	88.6	65.5	75.8	100.0	61.9	70.9	0.25	0.18	82.9	71.3	76.4	77.1	71.7	74.2	91.8	74.8	82.0	98.6	71.4	82.2
29	21.6	9.3	200.4	42.5	87.8	69.0M	76.5	100.0	62.4M	74.0M	0.30	0.14M	83.5M	72.4M	77.6M	77.5M	72.5M	75.0M	90.3M	74.5M	81.8M	96.1M	71.6M	81.4M
30	23.1	8.3	277.5	25.9	79.2	57.7	70.0	100.0	49.9	63.2	0.01	0.20	81.0	71.1	75.4	76.2	72.2	74.1	88.4	72.6	79.0	92.1	66.5	77.2
31	12.8	4.5	288.6	25.4	80.2	52.7	67.1	100.0	51.4	60.6	0.00	0.20	81.5	65.9	73.3	75.2	68.8	72.0	91.6	66.2	78.1	97.9	60.2	77.2
_________________________________________________________________________________________________________________________________________________________________________________________________________
																								
TOT				677.4							3.72	5.21M												
AVG		6.2	166.1	21.9	82.5	61.4M	71.6	99.6	60.3M	66.7M		0.17M	82.4M	70.6M	75.9M	76.9M	71.7M	74.2M	87.2M	72.3M	79.1M	93.0M	68.0M	78.4M
MAX	34.0				90.6			100.0					88.7M			81.1M			95.7M			103.2M		
MIN						52.4M			45.1M					65.9M			68.8M			66.2M			60.2M	
	


KEY:	M = missing data																
	E = estimated data																	
																																									
																			
**	For further information	on the	ICN contact:			
	Jennie Atkins 							    
	(217) 333-4966							     									
	Illinois State Water Survey																	
	2204 Griffith Dr., Champaign, IL  61820-7495															
	jatkins@illinois.edu	


If ICN data are used, the program and network should be referenced.  Our suggested citation is
Water and Atmospheric Resources Monitoring Program. Illinois Climate Network. (2022). Illinois State Water Survey, 2204 Griffith Drive, Champaign, IL 61820-7495. http://dx.doi.org/10.13012/J8MW2F2Q.